                        date  temperature_2m_max  temperature_2m_min  weather_code  rain_sum  showers_sum     sunrise      sunset  daylight_duration  sunshine_duration  uv_index_max  wind_speed_10m_max
0  2026-05-04 00:00:00+09:00           26.661001           15.411000          51.0       1.1          0.0  1777837581  1777886986       49406.917969       17664.886719          7.90            3.992493
1  2026-05-05 00:00:00+09:00           21.561001           11.411000           2.0       0.0          0.0  1777923921  1777973436       49517.234375       44495.410156          7.90            3.676955
2  2026-05-06 00:00:00+09:00           20.261000           12.211000           3.0       0.0          0.0  1778010262  1778059886       49626.675781        3728.093018          5.35            2.102380
3  2026-05-07 00:00:00+09:00           23.461000           14.811001          51.0       0.1          0.0  1778096604  1778146337       49735.140625       29385.792969          7.60            2.630589
4  2026-05-08 00:00:00+09:00           25.111000           15.361000           3.0       0.0          0.0  1778182947  1778232787       49842.542969       12661.781250          6.45            3.087070
5  2026-05-09 00:00:00+09:00           21.761000           14.261001           3.0       0.0          0.0  1778269291  1778319237       49948.769531       42796.929688          7.70            3.443835
6  2026-05-10 00:00:00+09:00           22.361000           11.661000           1.0       0.0          0.0  1778355636  1778405688       50053.726562       42397.179688          7.85            2.501999
7  2026-05-11 00:00:00+09:00           23.011000           13.211000           1.0       0.0          0.0  1778441983  1778492138       50157.304688       41859.546875          7.80            2.906888
8  2026-05-12 00:00:00+09:00           23.211000           15.111000           2.0       0.0          0.0  1778528330  1778578587       50259.398438       38029.636719          7.65            2.109502
9  2026-05-13 00:00:00+09:00           23.811001           12.711000           2.0       0.0          0.0  1778614679  1778665037       50359.902344       42046.910156          7.05            1.627882
10 2026-05-14 00:00:00+09:00           24.150000           14.761001          51.0       0.1          0.1  1778701029  1778751486       50458.707031       14359.648438          7.75            3.301893
11 2026-05-15 00:00:00+09:00           21.549999           13.050000          51.0       0.0          0.1  1778787381  1778837935       50555.699219       39232.585938          7.85            3.412111
12 2026-05-16 00:00:00+09:00           27.299999           12.450000           0.0       0.0          0.0  1778873734  1778924383       50650.765625       48945.226562          7.55            2.797320
13 2026-05-17 00:00:00+09:00           27.049999           16.299999          53.0       1.6          1.8  1778960089  1779010831       50743.792969       48970.980469          7.70            4.820010

                         date  temperature_2m  relative_humidity_2m  precipitation_probability  precipitation  rain  showers  wind_speed_10m  weather_code  cloud_cover  evapotranspiration  soil_temperature_0cm  soil_temperature_6cm  soil_moisture_0_to_1cm  soil_moisture_1_to_3cm
0   2026-05-04 00:00:00+09:00       19.061001             87.000000                       86.0            0.0   0.0      0.0        3.733631           3.0        85.00                0.03             18.100000             19.074499                   0.328                   0.329
1   2026-05-04 01:00:00+09:00       18.911001             87.000000                       92.0            0.0   0.0      0.0        3.313608           2.0        74.00                0.02             17.850000             19.024500                   0.328                   0.329
2   2026-05-04 02:00:00+09:00       19.161001             86.000000                       97.0            0.0   0.0      0.0        3.423449           2.0        58.00                0.02             17.650000             18.974499                   0.328                   0.329
3   2026-05-04 03:00:00+09:00       18.611000             93.000000                      100.0            0.0   0.0      0.0        2.601922           3.0       100.00                0.02             18.350000             18.974499                   0.328                   0.329
4   2026-05-04 04:00:00+09:00       19.461000             94.000000                      100.0            0.4   0.4      0.0        3.401470          51.0        74.00                0.02             19.250000             19.174500                   0.401                   0.390
5   2026-05-04 05:00:00+09:00       20.361000             93.000000                      100.0            0.3   0.3      0.0        3.622154          51.0        64.00                0.02             19.799999             19.374498                   0.365                   0.368
6   2026-05-04 06:00:00+09:00       21.261000             91.000000                      100.0            0.4   0.4      0.0        3.765634          51.0        62.00                0.02             20.650000             19.774500                   0.358                   0.359
7   2026-05-04 07:00:00+09:00       22.211000             85.000000                       89.0            0.0   0.0      0.0        3.383785           1.0        47.00                0.05             21.450001             20.374498                   0.351                   0.354
8   2026-05-04 08:00:00+09:00       22.661001             81.000000                       72.0            0.0   0.0      0.0        3.224903           2.0        52.00                0.08             21.850000             21.074499                   0.347                   0.349
9   2026-05-04 09:00:00+09:00       22.761000             79.000000                       55.0            0.0   0.0      0.0        2.332381           1.0        46.00                0.12             22.600000             22.224499                   0.341                   0.343
10  2026-05-04 10:00:00+09:00       24.361000             69.000000                       35.0            0.0   0.0      0.0        2.545584           1.0        35.00                0.18             24.799999             23.724499                   0.337                   0.340
11  2026-05-04 11:00:00+09:00       25.811001             63.000000                       15.0            0.0   0.0      0.0        2.507987           0.0        13.00                0.23             28.799999             25.224499                   0.334                   0.337
12  2026-05-04 12:00:00+09:00       26.661001             57.000000                        0.0            0.0   0.0      0.0        3.534120           0.0         6.00                0.29             30.400000             26.824499                   0.331                   0.334
13  2026-05-04 13:00:00+09:00       26.161001             55.000000                        0.0            0.0   0.0      0.0        3.939543           0.0        15.00                0.30             28.900000             27.974499                   0.328                   0.331
14  2026-05-04 14:00:00+09:00       25.211000             56.000000                        0.0            0.0   0.0      0.0        3.992493           2.0        53.00                0.27             27.750000             28.274500                   0.326                   0.330
15  2026-05-04 15:00:00+09:00       24.661001             53.000000                        0.0            0.0   0.0      0.0        3.769615           2.0        51.00                0.26             24.150000             28.074499                   0.326                   0.329
16  2026-05-04 16:00:00+09:00       23.611000             50.000000                        3.0            0.0   0.0      0.0        3.534120           2.0        69.00                0.22             22.150000             26.774500                   0.326                   0.328
17  2026-05-04 17:00:00+09:00       22.361000             43.000000                        6.0            0.0   0.0      0.0        2.745906           3.0        92.00                0.15             20.450001             25.124498                   0.326                   0.328
18  2026-05-04 18:00:00+09:00       21.511000             45.000000                        8.0            0.0   0.0      0.0        1.523155           2.0        59.00                0.08             19.200001             23.924500                   0.327                   0.329
19  2026-05-04 19:00:00+09:00       20.611000             48.000000                        7.0            0.0   0.0      0.0        2.220361           2.0        63.00                0.09             18.250000             22.824499                   0.327                   0.329
20  2026-05-04 20:00:00+09:00       19.611000             46.000000                        6.0            0.0   0.0      0.0        2.549510           2.0        68.00                0.10             16.250000             21.674500                   0.327                   0.329
21  2026-05-04 21:00:00+09:00       17.811001             51.000000                        4.0            0.0   0.0      0.0        2.912044           1.0        39.00                0.08             17.100000             20.774500                   0.330                   0.332
22  2026-05-04 22:00:00+09:00       15.961000             56.000000                        3.0            0.0   0.0      0.0        2.973214           2.0        56.00                0.08             14.750000             19.624498                   0.331                   0.332
23  2026-05-04 23:00:00+09:00       15.411000             55.000000                        3.0            0.0   0.0      0.0        2.952965           1.0        45.00                0.08             13.650000             18.674500                   0.331                   0.332
24  2026-05-05 00:00:00+09:00       14.361000             55.000000                        2.0            0.0   0.0      0.0        3.676955           1.0        43.00                0.07             12.800000             17.824499                   0.331                   0.332
25  2026-05-05 01:00:00+09:00       13.061001             55.000000                        1.0            0.0   0.0      0.0        3.667424           2.0        53.00                0.07             11.900000             17.074499                   0.331                   0.332
26  2026-05-05 02:00:00+09:00       12.361000             55.000000                        1.0            0.0   0.0      0.0        2.751363           0.0        16.00                0.06             11.350000             16.324499                   0.331                   0.333
27  2026-05-05 03:00:00+09:00       12.211000             55.000000                        0.0            0.0   0.0      0.0        2.624881           2.0        59.00                0.06             10.500000             15.724500                   0.331                   0.332
28  2026-05-05 04:00:00+09:00       11.861000             57.000000                        0.0            0.0   0.0      0.0        2.435159           2.0        56.00                0.06             10.200000             15.324500                   0.331                   0.332
29  2026-05-05 05:00:00+09:00       11.411000             58.000000                        0.0            0.0   0.0      0.0        2.247220           1.0        45.00                0.06              9.650000             14.924500                   0.331                   0.332
30  2026-05-05 06:00:00+09:00       11.811001             54.000000                        0.0            0.0   0.0      0.0        1.746425           2.0        65.00                0.08             11.200000             14.724500                   0.331                   0.332
31  2026-05-05 07:00:00+09:00       12.961000             54.000000                        0.0            0.0   0.0      0.0        1.749286           1.0        22.00                0.11             14.400000             15.374500                   0.331                   0.332
32  2026-05-05 08:00:00+09:00       14.861000             49.000000                        0.0            0.0   0.0      0.0        1.746425           0.0         0.00                0.16             17.549999             16.824499                   0.330                   0.331
33  2026-05-05 09:00:00+09:00       16.711000             39.000000                        0.0            0.0   0.0      0.0        1.897367           0.0         0.00                0.21             20.200001             19.174500                   0.327                   0.328
34  2026-05-05 10:00:00+09:00       18.211000             36.000000                        0.0            0.0   0.0      0.0        1.702939           0.0         0.00                0.22             22.950001             21.124498                   0.326                   0.327
35  2026-05-05 11:00:00+09:00       19.461000             34.000000                        0.0            0.0   0.0      0.0        1.529706           0.0         0.00                0.25             24.799999             23.074499                   0.324                   0.326
36  2026-05-05 12:00:00+09:00       20.461000             29.000000                        0.0            0.0   0.0      0.0        1.334166           1.0        20.00                0.26             26.100000             24.724499                   0.323                   0.326
37  2026-05-05 13:00:00+09:00       21.261000             27.000000                        0.0            0.0   0.0      0.0        0.608276           0.0         0.00                0.27             26.600000             26.024500                   0.323                   0.325
38  2026-05-05 14:00:00+09:00       21.561001             30.000000                        0.0            0.0   0.0      0.0        1.802776           0.0         0.00                0.25             25.650000             26.624498                   0.322                   0.324
39  2026-05-05 15:00:00+09:00       20.961000             30.000000                        0.0            0.0   0.0      0.0        2.088061           0.0         0.00                0.21             23.600000             26.624498                   0.321                   0.323
40  2026-05-05 16:00:00+09:00       20.761000             30.000000                        0.0            0.0   0.0      0.0        2.102380           0.0         0.00                0.17             21.549999             25.624498                   0.321                   0.323
41  2026-05-05 17:00:00+09:00       19.261000             44.000000                        0.0            0.0   0.0      0.0        2.418677           0.0         0.00                0.11             19.049999             24.024500                   0.322                   0.323
42  2026-05-05 18:00:00+09:00       17.811001             49.000000                        0.0            0.0   0.0      0.0        2.100000           0.0         0.00                0.07             16.100000             22.024500                   0.322                   0.323
43  2026-05-05 19:00:00+09:00       16.661001             54.000000                        0.0            0.0   0.0      0.0        2.009975           0.0         1.00                0.05             14.300000             20.124498                   0.323                   0.324
44  2026-05-05 20:00:00+09:00       15.961000             58.000000                        0.0            0.0   0.0      0.0        1.824829           1.0        41.00                0.04             13.850000             18.774500                   0.323                   0.324
45  2026-05-05 21:00:00+09:00       15.561001             62.000000                        0.0            0.0   0.0      0.0        1.711724           1.0        46.00                0.04             13.500000             17.974499                   0.323                   0.324
46  2026-05-05 22:00:00+09:00       15.161000             67.000000                        0.0            0.0   0.0      0.0        1.503330           2.0        60.00                0.03             13.550000             17.324499                   0.323                   0.324
47  2026-05-05 23:00:00+09:00       14.811001             69.000000                        0.0            0.0   0.0      0.0        1.403567           2.0        55.00                0.03             13.600000             16.874498                   0.323                   0.324
48  2026-05-06 00:00:00+09:00       14.261001             73.000000                        0.0            0.0   0.0      0.0        1.264911           2.0        64.00                0.02             13.350000             16.524500                   0.324                   0.325
49  2026-05-06 01:00:00+09:00       13.861000             74.000000                        0.0            0.0   0.0      0.0        1.170470           3.0        85.00                0.02             12.650000             16.224499                   0.324                   0.325
50  2026-05-06 02:00:00+09:00       13.361000             76.000000                        0.0            0.0   0.0      0.0        1.118034           2.0        72.00                0.01             12.050000             15.924500                   0.324                   0.325
51  2026-05-06 03:00:00+09:00       12.561001             79.000000                        0.0            0.0   0.0      0.0        0.948683           2.0        72.00                0.01             11.600000             15.774500                   0.324                   0.325
52  2026-05-06 04:00:00+09:00       12.311001             81.000000                        0.0            0.0   0.0      0.0        0.670820           2.0        66.00                0.01             11.650000             15.474500                   0.324                   0.325
53  2026-05-06 05:00:00+09:00       12.311001             79.000000                        0.0            0.0   0.0      0.0        0.447214           2.0        68.00                0.01             11.850000             15.174500                   0.325                   0.325
54  2026-05-06 06:00:00+09:00       12.211000             78.000000                        0.0            0.0   0.0      0.0        0.632456           2.0        64.00                0.01             14.150000             15.224500                   0.325                   0.326
55  2026-05-06 07:00:00+09:00       13.011001             73.000000                        0.0            0.0   0.0      0.0        0.538516           2.0        76.00                0.02             16.500000             15.824500                   0.325                   0.326
56  2026-05-06 08:00:00+09:00       14.261001             68.000000                        0.0            0.0   0.0      0.0        0.412311           3.0        91.00                0.04             21.000000             16.674500                   0.324                   0.325
57  2026-05-06 09:00:00+09:00       15.511001             65.000000                        0.0            0.0   0.0      0.0        0.316228           2.0        60.00                0.06             19.549999             17.574499                   0.323                   0.324
58  2026-05-06 10:00:00+09:00       17.211000             64.000000                        0.0            0.0   0.0      0.0        0.424264           3.0        91.00                0.07             19.950001             18.924500                   0.322                   0.323
59  2026-05-06 11:00:00+09:00       18.461000             68.000000                        0.0            0.0   0.0      0.0        1.334166           2.0        67.00                0.09             21.950001             20.124498                   0.322                   0.323
60  2026-05-06 12:00:00+09:00       19.561001             67.000000                        0.0            0.0   0.0      0.0        1.711724           3.0        98.00                0.10             21.250000             20.574499                   0.322                   0.323
61  2026-05-06 13:00:00+09:00       19.961000             68.000000                        0.0            0.0   0.0      0.0        1.910497           3.0        81.00                0.09             21.150000             20.574499                   0.321                   0.323
62  2026-05-06 14:00:00+09:00       20.111000             69.000000                        0.0            0.0   0.0      0.0        2.039608           2.0        63.00                0.09             19.250000             20.624498                   0.321                   0.323
63  2026-05-06 15:00:00+09:00       20.261000             69.000000                        0.0            0.0   0.0      0.0        2.022375           2.0        55.00                0.09             20.549999             20.974499                   0.322                   0.323
64  2026-05-06 16:00:00+09:00       19.711000             72.000000                       11.0            0.0   0.0      0.0        2.102380           1.0        47.00                0.07             19.950001             20.524500                   0.322                   0.323
65  2026-05-06 17:00:00+09:00       19.111000             76.000000                       26.0            0.0   0.0      0.0        1.910497           2.0        63.00                0.05             19.049999             19.924500                   0.323                   0.324
66  2026-05-06 18:00:00+09:00       18.211000             80.000000                       37.0            0.0   0.0      0.0        1.400000           2.0        54.00                0.04             17.600000             19.324499                   0.323                   0.324
67  2026-05-06 19:00:00+09:00       17.711000             84.000000                       38.0            0.0   0.0      0.0        1.300000           2.0        62.00                0.02             17.049999             18.674500                   0.324                   0.325
68  2026-05-06 20:00:00+09:00       17.361000             88.000000                       34.0            0.0   0.0      0.0        1.303840           2.0        77.00                0.02             16.950001             18.274500                   0.324                   0.325
69  2026-05-06 21:00:00+09:00       16.911001             92.000000                       31.0            0.0   0.0      0.0        1.170470           2.0        63.00                0.01             16.750000             18.274500                   0.324                   0.325
70  2026-05-06 22:00:00+09:00       16.761000             94.000000                       31.0            0.0   0.0      0.0        1.044031           3.0        91.00                0.01             16.750000             18.074499                   0.324                   0.325
71  2026-05-06 23:00:00+09:00       16.661001             96.000000                       31.0            0.0   0.0      0.0        0.905538           3.0        82.00                0.01             16.549999             17.924500                   0.324                   0.325
72  2026-05-07 00:00:00+09:00       16.511000             98.000000                       29.0            0.1   0.1      0.0        0.905538          51.0       100.00               -0.00             16.400000             17.774500                   0.325                   0.325
73  2026-05-07 01:00:00+09:00       16.061001             99.000000                       21.0            0.0   0.0      0.0        0.200000           3.0        88.00               -0.00             15.950000             17.624498                   0.325                   0.326
74  2026-05-07 02:00:00+09:00       15.761001             99.000000                       10.0            0.0   0.0      0.0        0.921954           3.0       100.00               -0.00             15.300000             17.524500                   0.325                   0.326
75  2026-05-07 03:00:00+09:00       15.861000             99.000000                        2.0            0.0   0.0      0.0        0.640312           3.0       100.00               -0.00             15.650000             17.324499                   0.325                   0.326
76  2026-05-07 04:00:00+09:00       15.311001             99.000000                        1.0            0.0   0.0      0.0        0.632456           2.0        65.00               -0.00             16.350000             17.174500                   0.326                   0.326
77  2026-05-07 05:00:00+09:00       14.811001             98.000000                        3.0            0.0   0.0      0.0        0.670820           1.0        29.00               -0.00             16.100000             16.824499                   0.326                   0.326
78  2026-05-07 06:00:00+09:00       15.211000             96.000000                        4.0            0.0   0.0      0.0        0.854400           1.0        38.00                0.01             17.200001             16.774500                   0.326                   0.326
79  2026-05-07 07:00:00+09:00       16.311001             90.000000                        3.0            0.0   0.0      0.0        0.905538           0.0        19.00                0.04             19.850000             17.674500                   0.325                   0.326
80  2026-05-07 08:00:00+09:00       17.861000             82.000000                        1.0            0.0   0.0      0.0        0.608276           0.0         6.00                0.09             23.049999             19.224499                   0.325                   0.326
81  2026-05-07 09:00:00+09:00       19.211000             77.000000                        0.0            0.0   0.0      0.0        0.316228           0.0        11.00                0.14             26.299999             21.274500                   0.322                   0.323
82  2026-05-07 10:00:00+09:00       21.211000             73.000000                        0.0            0.0   0.0      0.0        0.989949           0.0        12.00                0.17             28.900000             23.274500                   0.321                   0.323
83  2026-05-07 11:00:00+09:00       22.111000             73.000000                        0.0            0.0   0.0      0.0        1.835756           1.0        20.00                0.19             30.250000             24.774500                   0.320                   0.322
84  2026-05-07 12:00:00+09:00       23.361000             71.000000                        0.0            0.0   0.0      0.0        1.964688           2.0        76.00                0.18             30.549999             25.524500                   0.320                   0.321
85  2026-05-07 13:00:00+09:00       23.461000             73.000000                        3.0            0.0   0.0      0.0        2.531798           3.0        85.00                0.18             28.049999             26.274500                   0.319                   0.321
86  2026-05-07 14:00:00+09:00       22.511000             79.000000                        7.0            0.0   0.0      0.0        2.630589           1.0        37.00                0.15             28.450001             26.274500                   0.319                   0.320
87  2026-05-07 15:00:00+09:00       21.761000             82.000000                       10.0            0.0   0.0      0.0        2.302173           2.0        76.00                0.10             24.700001             25.974499                   0.318                   0.320
88  2026-05-07 16:00:00+09:00       21.011000             89.000000                       13.0            0.0   0.0      0.0        2.109502           2.0        78.00                0.12             23.350000             25.774500                   0.318                   0.320
89  2026-05-07 17:00:00+09:00       20.961000             90.000000                       16.0            0.0   0.0      0.0        2.121320           1.0        46.00                0.08             23.500000             24.674500                   0.319                   0.320
90  2026-05-07 18:00:00+09:00       20.361000             92.000000                       16.0            0.0   0.0      0.0        1.552418           1.0        44.00                0.04             21.450001             23.174500                   0.319                   0.320
91  2026-05-07 19:00:00+09:00       19.911001             94.000000                       12.0            0.0   0.0      0.0        1.403567           2.0        50.00                0.02             19.700001             21.824499                   0.320                   0.321
92  2026-05-07 20:00:00+09:00       19.561001             96.000000                        5.0            0.0   0.0      0.0        1.303840           1.0        28.00                0.01             18.900000             20.824499                   0.320                   0.321
93  2026-05-07 21:00:00+09:00       19.011000             96.000000                        0.0            0.0   0.0      0.0        1.216552           0.0        11.00                0.01             18.150000             20.374498                   0.321                   0.321
94  2026-05-07 22:00:00+09:00       18.411001             93.000000                        0.0            0.0   0.0      0.0        1.140175           0.0         7.00                0.01             18.450001             19.874498                   0.321                   0.322
95  2026-05-07 23:00:00+09:00       17.761000             92.000000                        0.0            0.0   0.0      0.0        1.081665           0.0         7.00               -0.00             17.900000             19.374498                   0.321                   0.322
96  2026-05-08 00:00:00+09:00       17.011000             94.000000                        0.0            0.0   0.0      0.0        1.063015           0.0         6.00               -0.00             17.250000             18.974499                   0.321                   0.322
97  2026-05-08 01:00:00+09:00       16.111000             96.000000                        0.0            0.0   0.0      0.0        1.077033           1.0        35.00               -0.00             16.750000             18.524500                   0.322                   0.322
98  2026-05-08 02:00:00+09:00       16.061001             96.000000                        0.0            0.0   0.0      0.0        1.236932           2.0        55.00               -0.00             16.350000             18.174500                   0.322                   0.322
99  2026-05-08 03:00:00+09:00       16.511000             96.000000                        0.0            0.0   0.0      0.0        1.303840           2.0        55.00               -0.00             16.000000             17.924500                   0.322                   0.323
100 2026-05-08 04:00:00+09:00       15.861000             98.000000                        0.0            0.0   0.0      0.0        1.303840           1.0        24.00               -0.00             16.049999             17.524500                   0.322                   0.323
101 2026-05-08 05:00:00+09:00       15.361000             99.000000                        0.0            0.0   0.0      0.0        1.140175           1.0        33.00               -0.00             16.400000             17.224499                   0.322                   0.323
102 2026-05-08 06:00:00+09:00       15.761001             99.000000                        0.0            0.0   0.0      0.0        0.565685           3.0       100.00               -0.00             18.750000             17.274500                   0.322                   0.323
103 2026-05-08 07:00:00+09:00       16.211000             99.000000                        1.0            0.0   0.0      0.0        0.412311           3.0       100.00                0.02             22.000000             18.424500                   0.322                   0.323
104 2026-05-08 08:00:00+09:00       17.061001             99.000000                        2.0            0.0   0.0      0.0        0.670820           3.0       100.00                0.06             25.250000             20.274500                   0.321                   0.323
105 2026-05-08 09:00:00+09:00       17.661001             99.000000                        2.0            0.0   0.0      0.0        0.509902           3.0        99.00                0.11             27.200001             22.574499                   0.321                   0.323
106 2026-05-08 10:00:00+09:00       19.111000             95.000000                        0.0            0.0   0.0      0.0        0.223607           3.0        90.00                0.14             30.600000             24.424500                   0.320                   0.322
107 2026-05-08 11:00:00+09:00       21.361000             85.000000                        0.0            0.0   0.0      0.0        0.640312           2.0        67.00                0.15             28.049999             25.024500                   0.319                   0.321
108 2026-05-08 12:00:00+09:00       23.061001             74.000000                        0.0            0.0   0.0      0.0        1.204159           2.0        62.00                0.19             26.549999             26.124498                   0.318                   0.320
109 2026-05-08 13:00:00+09:00       24.611000             69.000000                       13.0            0.0   0.0      0.0        2.039608           0.0        19.00                0.15             26.600000             26.024500                   0.318                   0.320
110 2026-05-08 14:00:00+09:00       25.111000             65.000000                       30.0            0.0   0.0      0.0        2.404163           1.0        41.00                0.15             24.200001             26.474499                   0.318                   0.319
111 2026-05-08 15:00:00+09:00       23.861000             69.000000                       39.0            0.0   0.0      0.0        2.024846           2.0        76.00                0.14             28.100000             26.074499                   0.316                   0.318
112 2026-05-08 16:00:00+09:00       23.961000             67.000000                       32.0            0.0   0.0      0.0        2.500000           2.0        63.00                0.11             25.900000             25.524500                   0.316                   0.318
113 2026-05-08 17:00:00+09:00       22.611000             71.000000                       18.0            0.0   0.0      0.0        2.879236           3.0       100.00                0.07             23.350000             24.524500                   0.317                   0.318
114 2026-05-08 18:00:00+09:00       21.761000             73.000000                        6.0            0.0   0.0      0.0        2.996665           3.0        91.00                0.04             21.850000             23.274500                   0.317                   0.318
115 2026-05-08 19:00:00+09:00       20.811001             78.000000                        1.0            0.0   0.0      0.0        3.087070           2.0        77.00                0.03             20.700001             22.274500                   0.317                   0.318
116 2026-05-08 20:00:00+09:00       20.261000             79.000000                        0.0            0.0   0.0      0.0        2.996665           3.0        90.00                0.02             19.450001             21.424500                   0.317                   0.318
117 2026-05-08 21:00:00+09:00       20.311001             76.000000                        0.0            0.0   0.0      0.0        2.720294           3.0        87.00                0.02             19.500000             21.074499                   0.315                   0.317
118 2026-05-08 22:00:00+09:00       19.761000             75.000000                        6.0            0.0   0.0      0.0        1.700000           3.0        94.00                0.02             19.049999             20.574499                   0.315                   0.316
119 2026-05-08 23:00:00+09:00       18.861000             73.000000                       15.0            0.0   0.0      0.0        1.555635           2.0        69.00                0.02             18.750000             20.024500                   0.315                   0.316
120 2026-05-09 00:00:00+09:00       18.061001             65.000000                       20.0            0.0   0.0      0.0        2.059126           3.0       100.00                0.01             17.799999             19.624498                   0.315                   0.316
121 2026-05-09 01:00:00+09:00       17.411001             64.000000                       16.0            0.0   0.0      0.0        1.941649           3.0        80.00                0.02             17.150000             19.324499                   0.315                   0.316
122 2026-05-09 02:00:00+09:00       16.761000             63.000000                        7.0            0.0   0.0      0.0        1.513275           3.0        91.00                0.02             16.299999             19.024500                   0.314                   0.316
123 2026-05-09 03:00:00+09:00       16.211000             53.000000                        0.0            0.0   0.0      0.0        1.802776           2.0        78.00                0.05             16.299999             18.674500                   0.313                   0.315
124 2026-05-09 04:00:00+09:00       15.261001             48.000000                        0.0            0.0   0.0      0.0        1.552418           0.0        19.00                0.05             15.850000             17.974499                   0.313                   0.315
125 2026-05-09 05:00:00+09:00       14.611000             43.000000                        0.0            0.0   0.0      0.0        1.476482           3.0        82.00                0.05             15.250000             17.324499                   0.313                   0.314
126 2026-05-09 06:00:00+09:00       14.411000             41.000000                        0.0            0.0   0.0      0.0        0.728011           2.0        59.00                0.07             16.500000             17.074499                   0.312                   0.314
127 2026-05-09 07:00:00+09:00       15.811001             44.000000                        0.0            0.0   0.0      0.0        1.486607           0.0         0.00                0.10             19.549999             17.674500                   0.311                   0.313
128 2026-05-09 08:00:00+09:00       17.711000             45.000000                        0.0            0.0   0.0      0.0        3.162277           0.0         0.00                0.13             24.000000             19.274500                   0.310                   0.312
129 2026-05-09 09:00:00+09:00       19.561001             40.000000                        0.0            0.0   0.0      0.0        2.617250           1.0        45.00                0.17             26.600000             21.524500                   0.309                   0.311
130 2026-05-09 10:00:00+09:00       19.861000             43.000000                        0.0            0.0   0.0      0.0        3.342155           2.0        62.00                0.22             27.299999             22.924500                   0.307                   0.310
131 2026-05-09 11:00:00+09:00       19.411001             44.000000                        0.0            0.0   0.0      0.0        3.443835           1.0        43.00                0.23             26.400000             24.224499                   0.305                   0.308
132 2026-05-09 12:00:00+09:00       20.611000             38.000000                        0.0            0.0   0.0      0.0        3.224903           1.0        42.00                0.23             29.799999             25.174500                   0.303                   0.307
133 2026-05-09 13:00:00+09:00       21.061001             39.000000                        0.0            0.0   0.0      0.0        3.101613           1.0        22.00                0.22             30.150000             25.824499                   0.302                   0.305
134 2026-05-09 14:00:00+09:00       21.461000             38.000000                        0.0            0.0   0.0      0.0        2.863564           0.0         1.00                0.22             30.049999             26.324499                   0.301                   0.304
135 2026-05-09 15:00:00+09:00       21.761000             32.000000                        0.0            0.0   0.0      0.0        2.435159           0.0         9.00                0.21             28.900000             26.324499                   0.300                   0.303
136 2026-05-09 16:00:00+09:00       21.711000             30.000000                        0.0            0.0   0.0      0.0        2.193171           1.0        47.00                0.17             27.049999             25.424500                   0.300                   0.303
137 2026-05-09 17:00:00+09:00       20.811001             30.000000                        0.0            0.0   0.0      0.0        1.910497           1.0        27.00                0.14             23.900000             24.224499                   0.300                   0.303
138 2026-05-09 18:00:00+09:00       19.161001             28.000000                        0.0            0.0   0.0      0.0        1.456022           2.0        52.00                0.10             21.250000             22.624498                   0.301                   0.303
139 2026-05-09 19:00:00+09:00       17.161001             45.000000                        0.0            0.0   0.0      0.0        0.670820           2.0        56.00                0.07             19.100000             20.874498                   0.302                   0.304
140 2026-05-09 20:00:00+09:00       16.311001             37.000000                        0.0            0.0   0.0      0.0        1.004988           1.0        30.00                0.06             17.500000             19.574499                   0.303                   0.304
141 2026-05-09 21:00:00+09:00       14.961000             49.000000                        0.0            0.0   0.0      0.0        0.632456           2.0        51.00                0.04             16.450001             19.124498                   0.303                   0.305
142 2026-05-09 22:00:00+09:00       14.711000             47.000000                        0.0            0.0   0.0      0.0        0.707107           2.0        65.00               -0.00             15.400000             18.374498                   0.305                   0.306
143 2026-05-09 23:00:00+09:00       14.261001             44.000000                        0.0            0.0   0.0      0.0        1.236932           2.0        55.00               -0.00             14.600000             17.924500                   0.305                   0.306
144 2026-05-10 00:00:00+09:00       13.961000             48.000000                        0.0            0.0   0.0      0.0        1.392839           1.0        46.00                0.01             14.000000             17.524500                   0.305                   0.307
145 2026-05-10 01:00:00+09:00       13.611000             52.000000                        0.0            0.0   0.0      0.0        1.104536           1.0        33.00                0.03             13.800000             17.124498                   0.306                   0.307
146 2026-05-10 02:00:00+09:00       13.061001             54.000000                        0.0            0.0   0.0      0.0        0.921954           1.0        33.00                0.02             13.550000             16.624498                   0.306                   0.307
147 2026-05-10 03:00:00+09:00       12.511001             56.000000                        0.0            0.0   0.0      0.0        1.019804           1.0        20.00                0.02             13.450000             16.174500                   0.306                   0.307
148 2026-05-10 04:00:00+09:00       12.111000             57.000000                        0.0            0.0   0.0      0.0        0.894427           1.0        35.00                0.02             12.750000             15.674500                   0.306                   0.307
149 2026-05-10 05:00:00+09:00       11.661000             61.000000                        0.0            0.0   0.0      0.0        0.848528           1.0        39.00                0.02             12.800000             15.124500                   0.306                   0.308
150 2026-05-10 06:00:00+09:00       12.311001             58.000000                        0.0            0.0   0.0      0.0        0.761577           1.0        20.00                0.03             15.400000             15.024500                   0.306                   0.308
151 2026-05-10 07:00:00+09:00       13.561001             55.000000                        0.0            0.0   0.0      0.0        1.236932           0.0        13.00                0.06             19.100000             16.074499                   0.305                   0.307
152 2026-05-10 08:00:00+09:00       15.161000             51.000000                        0.0            0.0   0.0      0.0        1.104536           0.0        17.00                0.11             23.549999             18.024500                   0.304                   0.306
153 2026-05-10 09:00:00+09:00       17.261000             44.000000                        0.0            0.0   0.0      0.0        1.300000           0.0         9.00                0.15             28.350000             20.224499                   0.303                   0.305
154 2026-05-10 10:00:00+09:00       18.961000             40.000000                        0.0            0.0   0.0      0.0        0.894427           0.0        11.00                0.16             32.400002             22.124498                   0.301                   0.304
155 2026-05-10 11:00:00+09:00       20.461000             37.000000                        0.0            0.0   0.0      0.0        0.600000           0.0         6.00                0.19             34.349998             24.174500                   0.299                   0.302
156 2026-05-10 12:00:00+09:00       21.611000             36.000000                        0.0            0.0   0.0      0.0        1.788854           0.0         2.00                0.20             34.700001             25.974499                   0.297                   0.301
157 2026-05-10 13:00:00+09:00       22.061001             40.000000                        0.0            0.0   0.0      0.0        1.931321           0.0         1.00                0.19             34.650002             26.974499                   0.296                   0.299
158 2026-05-10 14:00:00+09:00       22.361000             42.000000                        0.0            0.0   0.0      0.0        2.213594           0.0         4.00                0.17             33.950001             27.424500                   0.295                   0.298
159 2026-05-10 15:00:00+09:00       22.261000             42.000000                        0.0            0.0   0.0      0.0        2.340940           0.0         1.00                0.15             29.450001             27.124498                   0.296                   0.298
160 2026-05-10 16:00:00+09:00       21.511000             51.000000                        0.0            0.0   0.0      0.0        2.319483           0.0         1.00                0.12             28.250000             25.974499                   0.296                   0.298
161 2026-05-10 17:00:00+09:00       20.461000             59.000000                        0.0            0.0   0.0      0.0        2.501999           0.0         8.00                0.08             25.350000             24.374498                   0.297                   0.299
162 2026-05-10 18:00:00+09:00       19.161001             64.000000                        0.0            0.0   0.0      0.0        2.402082           0.0         5.00                0.05             22.450001             22.824499                   0.298                   0.300
163 2026-05-10 19:00:00+09:00       18.311001             68.000000                        0.0            0.0   0.0      0.0        2.102380           0.0        11.00                0.03             20.900000             21.224499                   0.299                   0.300
164 2026-05-10 20:00:00+09:00       17.861000             72.000000                        0.0            0.0   0.0      0.0        1.802776           0.0         7.00                0.02             20.150000             20.024500                   0.300                   0.301
165 2026-05-10 21:00:00+09:00       17.261000             75.000000                        0.0            0.0   0.0      0.0        1.403567           0.0         5.00                0.02             19.650000             19.524500                   0.301                   0.302
166 2026-05-10 22:00:00+09:00       16.711000             79.000000                        0.0            0.0   0.0      0.0        1.300000           0.0        14.00                0.01             18.950001             18.924500                   0.301                   0.302
167 2026-05-10 23:00:00+09:00       16.311001             82.000000                        0.0            0.0   0.0      0.0        1.000000           0.0        19.00                0.01             18.250000             18.424500                   0.302                   0.303
168 2026-05-11 00:00:00+09:00       15.561001             86.000000                        0.0            0.0   0.0      0.0        1.100000           0.0         4.00                0.01             17.650000             18.074499                   0.302                   0.303
169 2026-05-11 01:00:00+09:00       14.911000             90.000000                        0.0            0.0   0.0      0.0        1.204159           0.0         4.00                0.01             17.250000             17.724499                   0.303                   0.304
170 2026-05-11 02:00:00+09:00       14.411000             93.000000                        0.0            0.0   0.0      0.0        1.204159           0.0         6.00               -0.00             16.850000             17.424500                   0.303                   0.304
171 2026-05-11 03:00:00+09:00       14.161000             94.000000                        0.0            0.0   0.0      0.0        1.029563           0.0        11.00               -0.00             16.200001             17.224499                   0.303                   0.304
172 2026-05-11 04:00:00+09:00       13.461000             95.000000                        0.0            0.0   0.0      0.0        1.063015           1.0        25.00               -0.00             15.700000             16.924500                   0.304                   0.305
173 2026-05-11 05:00:00+09:00       13.211000             96.000000                        0.0            0.0   0.0      0.0        0.900000           1.0        26.00               -0.00             15.200000             16.574499                   0.304                   0.305
174 2026-05-11 06:00:00+09:00       13.961000             87.000000                        0.0            0.0   0.0      0.0        0.509902           0.0        19.00               -0.00             18.400000             16.574499                   0.304                   0.305
175 2026-05-11 07:00:00+09:00       15.511001             74.000000                        1.0            0.0   0.0      0.0        0.412311           0.0        19.00                0.02             22.700001             17.874498                   0.304                   0.305
176 2026-05-11 08:00:00+09:00       17.611000             67.000000                        3.0            0.0   0.0      0.0        0.360555           1.0        21.00                0.06             26.700001             19.974499                   0.303                   0.305
177 2026-05-11 09:00:00+09:00       20.361000             68.000000                        6.0            0.0   0.0      0.0        1.456022           0.0        13.00                0.10             30.000000             22.624498                   0.299                   0.301
178 2026-05-11 10:00:00+09:00       21.611000             66.000000                       11.0            0.0   0.0      0.0        2.102380           1.0        27.00                0.13             31.900000             24.424500                   0.298                   0.300
179 2026-05-11 11:00:00+09:00       22.311001             63.000000                       16.0            0.0   0.0      0.0        2.607681           0.0        19.00                0.15             32.950001             25.774500                   0.297                   0.299
180 2026-05-11 12:00:00+09:00       23.011000             58.000000                       18.0            0.0   0.0      0.0        2.901724           1.0        23.00                0.16             34.799999             26.824499                   0.296                   0.298
181 2026-05-11 13:00:00+09:00       22.761000             57.000000                       14.0            0.0   0.0      0.0        2.906888           1.0        24.00                0.14             34.849998             27.324499                   0.295                   0.297
182 2026-05-11 14:00:00+09:00       22.511000             58.000000                        6.0            0.0   0.0      0.0        2.900000           0.0        19.00                0.14             34.049999             27.674500                   0.294                   0.297
183 2026-05-11 15:00:00+09:00       22.061001             57.000000                        0.0            0.0   0.0      0.0        2.700000           0.0        15.00                0.12             31.850000             27.374498                   0.294                   0.296
184 2026-05-11 16:00:00+09:00       21.411001             58.000000                        0.0            0.0   0.0      0.0        2.801785           0.0        14.00                0.10             29.350000             26.374498                   0.294                   0.296
185 2026-05-11 17:00:00+09:00       20.511000             60.000000                        0.0            0.0   0.0      0.0        2.700000           0.0        14.00                0.07             26.200001             24.974499                   0.295                   0.296
186 2026-05-11 18:00:00+09:00       19.461000             64.000000                        0.0            0.0   0.0      0.0        2.500000           0.0        18.00                0.05             23.299999             23.274500                   0.295                   0.297
187 2026-05-11 19:00:00+09:00       18.661001             69.000000                        0.0            0.0   0.0      0.0        2.202272           0.0        13.00                0.03             21.350000             21.724499                   0.296                   0.297
188 2026-05-11 20:00:00+09:00       18.211000             73.000000                        0.0            0.0   0.0      0.0        2.009975           0.0        13.00                0.02             20.549999             20.624498                   0.297                   0.298
189 2026-05-11 21:00:00+09:00       17.961000             75.000000                        0.0            0.0   0.0      0.0        1.910497           1.0        21.00                0.02             19.799999             19.874498                   0.297                   0.298
190 2026-05-11 22:00:00+09:00       17.661001             77.000000                        0.0            0.0   0.0      0.0        1.603122           1.0        29.00                0.01             19.200001             19.324499                   0.298                   0.299
191 2026-05-11 23:00:00+09:00       17.361000             79.000000                        0.0            0.0   0.0      0.0        1.603122           1.0        37.00                0.01             18.650000             18.874498                   0.298                   0.299
192 2026-05-12 00:00:00+09:00       17.161001             80.000000                        0.0            0.0   0.0      0.0        1.403567           1.0        41.00                0.01             18.049999             18.474499                   0.298                   0.300
193 2026-05-12 01:00:00+09:00       16.811001             82.000000                        0.0            0.0   0.0      0.0        1.204159           1.0        32.00                0.01             17.600000             18.124498                   0.299                   0.300
194 2026-05-12 02:00:00+09:00       16.311001             84.000000                        0.0            0.0   0.0      0.0        0.728011           1.0        31.00                0.01             17.100000             17.774500                   0.299                   0.300
195 2026-05-12 03:00:00+09:00       15.611000             89.000000                        0.0            0.0   0.0      0.0        0.848528           1.0        29.00                0.01             16.350000             17.474499                   0.300                   0.301
196 2026-05-12 04:00:00+09:00       15.211000             91.000000                        0.0            0.0   0.0      0.0        0.854400           1.0        38.00               -0.00             15.450000             17.224499                   0.300                   0.301
197 2026-05-12 05:00:00+09:00       15.111000             90.000000                        0.0            0.0   0.0      0.0        0.640312           1.0        33.00               -0.00             15.450000             16.874498                   0.300                   0.301
198 2026-05-12 06:00:00+09:00       15.561001             89.000000                        0.0            0.0   0.0      0.0        0.360555           1.0        36.00                0.01             18.549999             16.974499                   0.301                   0.302
199 2026-05-12 07:00:00+09:00       16.711000             81.000000                        0.0            0.0   0.0      0.0        0.282843           1.0        38.00                0.03             22.350000             18.124498                   0.300                   0.301
200 2026-05-12 08:00:00+09:00       18.011000             75.000000                        0.0            0.0   0.0      0.0        0.447214           1.0        40.00                0.06             25.400000             19.924500                   0.299                   0.301
201 2026-05-12 09:00:00+09:00       19.261000             71.000000                        0.0            0.0   0.0      0.0        0.854400           1.0        39.00                0.08             27.799999             21.524500                   0.299                   0.300
202 2026-05-12 10:00:00+09:00       20.361000             66.000000                        0.0            0.0   0.0      0.0        1.104536           1.0        36.00                0.11             31.900000             23.224499                   0.297                   0.300
203 2026-05-12 11:00:00+09:00       21.061001             65.000000                        0.0            0.0   0.0      0.0        1.140175           1.0        37.00                0.14             32.950001             25.174500                   0.296                   0.298
204 2026-05-12 12:00:00+09:00       21.761000             63.000000                        0.0            0.0   0.0      0.0        1.442221           1.0        32.00                0.16             34.000000             26.574499                   0.295                   0.297
205 2026-05-12 13:00:00+09:00       22.511000             57.000000                        0.0            0.0   0.0      0.0        1.500000           1.0        27.00                0.16             35.500000             27.374498                   0.294                   0.296
206 2026-05-12 14:00:00+09:00       23.211000             51.000000                        0.0            0.0   0.0      0.0        1.640122           0.0        16.00                0.15             35.299999             27.774500                   0.293                   0.295
207 2026-05-12 15:00:00+09:00       23.011000             52.000000                        0.0            0.0   0.0      0.0        2.000000           0.0        19.00                0.13             32.349998             27.824499                   0.292                   0.295
208 2026-05-12 16:00:00+09:00       22.361000             56.000000                        0.0            0.0   0.0      0.0        1.931321           0.0         7.00                0.11             29.799999             27.224499                   0.292                   0.294
209 2026-05-12 17:00:00+09:00       21.261000             59.000000                        0.0            0.0   0.0      0.0        2.109502           1.0        39.00                0.08             26.900000             25.774500                   0.293                   0.295
210 2026-05-12 18:00:00+09:00       19.861000             61.000000                        0.0            0.0   0.0      0.0        2.022375           2.0        56.00                0.05             24.049999             23.824499                   0.294                   0.295
211 2026-05-12 19:00:00+09:00       18.861000             64.000000                        0.0            0.0   0.0      0.0        1.702939           1.0        45.00                0.03             22.100000             22.024500                   0.294                   0.296
212 2026-05-12 20:00:00+09:00       18.061001             68.000000                        0.0            0.0   0.0      0.0        1.300000           1.0        27.00                0.02             20.950001             20.674500                   0.295                   0.296
213 2026-05-12 21:00:00+09:00       17.061001             77.000000                        0.0            0.0   0.0      0.0        0.700000           0.0         3.00                0.02             19.950001             19.774500                   0.295                   0.296
214 2026-05-12 22:00:00+09:00       16.561001             79.000000                        0.0            0.0   0.0      0.0        0.500000           0.0         2.00                0.01             18.799999             19.024500                   0.296                   0.297
215 2026-05-12 23:00:00+09:00       15.861000             82.000000                        0.0            0.0   0.0      0.0        1.077033           0.0         1.00                0.01             17.750000             18.374498                   0.296                   0.297
216 2026-05-13 00:00:00+09:00       15.211000             85.000000                        0.0            0.0   0.0      0.0        1.118034           0.0         1.00                0.01             16.900000             17.774500                   0.297                   0.298
217 2026-05-13 01:00:00+09:00       14.661000             88.000000                        0.0            0.0   0.0      0.0        1.100000           0.0         3.00               -0.00             16.200001             17.324499                   0.297                   0.298
218 2026-05-13 02:00:00+09:00       14.461000             88.000000                        0.0            0.0   0.0      0.0        1.029563           0.0         5.00               -0.00             15.550000             17.024500                   0.298                   0.299
219 2026-05-13 03:00:00+09:00       13.811001             90.000000                        0.0            0.0   0.0      0.0        1.019804           0.0         7.00               -0.00             15.100000             16.824499                   0.298                   0.299
220 2026-05-13 04:00:00+09:00       13.161000             93.000000                        0.0            0.0   0.0      0.0        0.943398           0.0        12.00               -0.00             14.300000             16.624498                   0.299                   0.300
221 2026-05-13 05:00:00+09:00       12.711000             95.000000                        0.0            0.0   0.0      0.0        0.721110           1.0        22.00               -0.00             14.550000             16.274500                   0.299                   0.300
222 2026-05-13 06:00:00+09:00       13.461000             92.000000                        0.0            0.0   0.0      0.0        0.509902           0.0        18.00                0.01             17.450001             16.324499                   0.299                   0.300
223 2026-05-13 07:00:00+09:00       15.361000             83.000000                        0.0            0.0   0.0      0.0        0.632456           0.0        17.00                0.03             22.200001             17.374498                   0.299                   0.300
224 2026-05-13 08:00:00+09:00       17.311001             75.000000                        0.0            0.0   0.0      0.0        0.447214           0.0        15.00                0.05             26.200001             18.924500                   0.298                   0.300
225 2026-05-13 09:00:00+09:00       19.211000             67.000000                        0.0            0.0   0.0      0.0        0.707107           0.0        13.00                0.08             30.200001             20.674500                   0.297                   0.299
226 2026-05-13 10:00:00+09:00       20.611000             61.000000                        0.0            0.0   0.0      0.0        0.761577           1.0        22.00                0.10             33.049999             22.474499                   0.296                   0.298
227 2026-05-13 11:00:00+09:00       21.611000             58.000000                        0.0            0.0   0.0      0.0        0.984886           1.0        25.00                0.12             35.900002             23.724499                   0.295                   0.297
228 2026-05-13 12:00:00+09:00       22.461000             57.000000                        0.0            0.0   0.0      0.0        1.044031           1.0        24.00                0.12             37.099998             24.574499                   0.294                   0.297
229 2026-05-13 13:00:00+09:00       23.211000             54.000000                        1.0            0.0   0.0      0.0        1.044031           1.0        25.00                0.12             37.599998             25.124498                   0.294                   0.296
230 2026-05-13 14:00:00+09:00       23.661001             53.000000                        3.0            0.0   0.0      0.0        1.389244           1.0        33.00                0.12             36.799999             25.424500                   0.293                   0.295
231 2026-05-13 15:00:00+09:00       23.811001             53.000000                        4.0            0.0   0.0      0.0        1.615549           1.0        36.00                0.11             33.900002             25.574499                   0.293                   0.295
232 2026-05-13 16:00:00+09:00       23.611000             50.000000                        5.0            0.0   0.0      0.0        1.627882           1.0        34.00                0.10             30.350000             25.274500                   0.293                   0.294
233 2026-05-13 17:00:00+09:00       22.811001             49.000000                        6.0            0.0   0.0      0.0        1.581139           1.0        27.00                0.06             27.549999             24.174500                   0.293                   0.295
234 2026-05-13 18:00:00+09:00       20.761000             61.000000                        6.0            0.0   0.0      0.0        1.360147           1.0        28.00                0.04             25.150000             22.974499                   0.293                   0.295
235 2026-05-13 19:00:00+09:00       19.911001             65.000000                        6.0            0.0   0.0      0.0        0.412311           2.0        63.00                0.03             23.350000             21.874498                   0.294                   0.295
236 2026-05-13 20:00:00+09:00       19.211000             70.000000                        7.0            0.0   0.0      0.0        0.141421           1.0        39.00                0.02             22.500000             20.974499                   0.297                   0.297
237 2026-05-13 21:00:00+09:00       18.561001             70.000000                        6.0            0.0   0.0      0.0        0.412311           1.0        43.00                0.02             21.750000             20.324499                   0.298                   0.299
238 2026-05-13 22:00:00+09:00       18.011000             67.000000                        4.0            0.0   0.0      0.0        0.608276           2.0        61.00                0.01             20.150000             19.774500                   0.297                   0.298
239 2026-05-13 23:00:00+09:00       17.311001             67.000000                        2.0            0.0   0.0      0.0        0.600000           1.0        45.00                0.01             19.299999             19.274500                   0.297                   0.298
240 2026-05-14 00:00:00+09:00       16.761000             71.000000                        0.0            0.0   0.0      0.0        0.700000           1.0        36.00                0.01             18.400000             18.874498                   0.305                   0.302
241 2026-05-14 01:00:00+09:00       16.211000             79.000000                        0.0            0.0   0.0      0.0        0.632456           1.0        40.00                0.01             17.600000             18.424500                   0.301                   0.302
242 2026-05-14 02:00:00+09:00       15.761001             87.000000                        0.0            0.0   0.0      0.0        0.500000           1.0        46.00                0.01             16.900000             18.024500                   0.319                   0.311
243 2026-05-14 03:00:00+09:00       15.461000             89.000000                        0.0            0.0   0.0      0.0        0.640312           1.0        39.00                0.01             16.200001             17.724499                   0.320                   0.317
244 2026-05-14 04:00:00+09:00       15.211000             90.000000                        1.0            0.0   0.0      0.0        0.728011           1.0        42.00               -0.00             15.750000             17.474499                   0.330                   0.327
245 2026-05-14 05:00:00+09:00       14.761001             95.000000                        1.0            0.0   0.0      0.0        0.600000           2.0        54.00               -0.00             15.850000             17.224499                   0.318                   0.319
246 2026-05-14 06:00:00+09:00       15.111000             93.000000                        2.0            0.0   0.0      0.0        0.447214           2.0        77.00                0.01             18.750000             17.374498                   0.315                   0.316
247 2026-05-14 07:00:00+09:00       15.511001             92.000000                        2.0            0.0   0.0      0.0        0.538516           3.0        93.00                0.04             22.850000             18.574499                   0.313                   0.314
248 2026-05-14 08:00:00+09:00       15.961000             90.000000                        1.0            0.0   0.0      0.0        0.538516           3.0        91.00                0.10             23.950001             20.474499                   0.311                   0.312
249 2026-05-14 09:00:00+09:00       16.261000             88.000000                        2.0            0.0   0.0      0.0        0.608276           3.0        97.00                0.16             27.600000             22.474499                   0.319                   0.320
250 2026-05-14 10:00:00+09:00       16.611000             87.000000                        4.0            0.1   0.1      0.0        0.412311          51.0        87.00                0.16             32.000000             24.374498                   0.314                   0.315
251 2026-05-14 11:00:00+09:00       17.111000             83.000000                        8.0            0.0   0.0      0.0        0.316228           3.0        89.00                0.16             34.799999             25.924500                   0.311                   0.313
252 2026-05-14 12:00:00+09:00       17.611000             80.000000                       12.0            0.0   0.0      0.0        0.500000           3.0        86.00                0.15             36.599998             26.774500                   0.309                   0.311
253 2026-05-14 13:00:00+09:00       20.170750             62.564178                       16.0            0.0   0.0      0.0        1.353025           2.0        50.50                0.14             36.950001             27.074499                   0.307                   0.309
254 2026-05-14 14:00:00+09:00       22.580500             48.267715                       21.0            0.0   0.0      0.0        2.235499           1.0        29.00                0.14             36.200001             27.274500                   0.307                   0.308
255 2026-05-14 15:00:00+09:00       23.765251             40.606422                       25.0            0.0   0.0      0.0        2.804304           1.0        80.25                0.13             33.599998             27.224499                   0.305                   0.307
256 2026-05-14 16:00:00+09:00       24.150000             35.530685                       29.0            0.0   0.0      0.0        3.108456           3.0        99.00                0.11             30.299999             26.624498                   0.304                   0.306
257 2026-05-14 17:00:00+09:00       23.049999             38.354259                       32.0            0.0   0.0      0.0        3.063495           1.0        49.00                0.09             27.350000             25.574499                   0.303                   0.305
258 2026-05-14 18:00:00+09:00       21.750000             43.377121                       33.0            0.0   0.0      0.0        3.269557           1.0        38.00                0.06             24.250000             23.974499                   0.303                   0.304
259 2026-05-14 19:00:00+09:00       19.950001             50.967060                       30.0            0.0   0.0      0.0        3.225678           1.0        30.00                0.04             21.799999             22.374498                   0.303                   0.304
260 2026-05-14 20:00:00+09:00       18.200001             64.732224                       25.0            0.0   0.0      0.0        3.301893           1.0        38.00                0.03             20.049999             21.274500                   0.303                   0.304
261 2026-05-14 21:00:00+09:00       16.850000             75.783096                       20.0            0.0   0.0      0.0        2.902585           1.0        45.00                0.02             18.850000             20.524500                   0.303                   0.304
262 2026-05-14 22:00:00+09:00       16.049999             76.404205                       14.0            0.0   0.0      0.0        2.311385           1.0        46.00                0.01             17.850000             19.824499                   0.303                   0.304
263 2026-05-14 23:00:00+09:00       15.450000             77.069168                        8.0            0.1   0.0      0.1        2.205108          51.0        98.00                0.01             17.100000             19.324499                   0.303                   0.304
264 2026-05-15 00:00:00+09:00       14.950000             79.059708                        4.0            0.1   0.0      0.1        2.170829          51.0        96.00                0.01             16.850000             18.874498                   0.303                   0.304
265 2026-05-15 01:00:00+09:00       14.500000             80.849808                        3.0            0.0   0.0      0.0        2.316247           3.0       100.00                0.01             16.049999             18.324499                   0.303                   0.304
266 2026-05-15 02:00:00+09:00       14.200000             80.274437                        4.0            0.0   0.0      0.0        2.343608           3.0       100.00                0.01             16.100000             17.824499                   0.303                   0.304
267 2026-05-15 03:00:00+09:00       13.800000             81.024803                        4.0            0.0   0.0      0.0        2.371181           3.0        99.00                0.01             15.850000             17.424500                   0.303                   0.304
268 2026-05-15 04:00:00+09:00       13.400000             80.971260                        3.0            0.0   0.0      0.0        2.594706           3.0       100.00                0.01             15.350000             17.024500                   0.303                   0.304
269 2026-05-15 05:00:00+09:00       13.050000             80.114769                        1.0            0.0   0.0      0.0        2.884874           3.0       100.00                0.01             14.900000             16.724499                   0.303                   0.304
270 2026-05-15 06:00:00+09:00       13.200000             77.491264                        0.0            0.0   0.0      0.0        3.063495           3.0       100.00                0.01             15.500000             16.774500                   0.303                   0.304
271 2026-05-15 07:00:00+09:00       14.200000             71.644707                        0.0            0.0   0.0      0.0        3.026962           3.0        89.00                0.02             17.850000             17.424500                   0.303                   0.304
272 2026-05-15 08:00:00+09:00       15.700000             64.397385                        0.0            0.0   0.0      0.0        2.926175           2.0        73.00                0.04             21.200001             18.474499                   0.302                   0.303
273 2026-05-15 09:00:00+09:00       17.150000             58.524128                        0.0            0.0   0.0      0.0        2.864001           2.0        62.00                0.05             24.250000             19.574499                   0.302                   0.303
274 2026-05-15 10:00:00+09:00       18.400000             54.276814                        0.0            0.0   0.0      0.0        2.884874           2.0        61.00                0.06             26.750000             20.624498                   0.301                   0.303
275 2026-05-15 11:00:00+09:00       19.650000             50.715958                        0.0            0.0   0.0      0.0        3.085855           2.0        64.00                0.08             29.000000             21.724499                   0.301                   0.302
276 2026-05-15 12:00:00+09:00       20.549999             47.969406                        0.0            0.0   0.0      0.0        3.335416           2.0        61.00                0.09             30.549999             22.724499                   0.300                   0.302
277 2026-05-15 13:00:00+09:00       21.200001             45.166611                        0.0            0.0   0.0      0.0        3.412111           1.0        45.00                0.10             31.400000             23.624498                   0.299                   0.301
278 2026-05-15 14:00:00+09:00       21.549999             43.028664                        0.0            0.0   0.0      0.0        3.387108           1.0        22.00                0.12             31.549999             24.424500                   0.298                   0.300
279 2026-05-15 15:00:00+09:00       21.400000             42.840908                        0.0            0.0   0.0      0.0        3.312099           0.0         5.00                0.12             30.650000             24.774500                   0.297                   0.299
280 2026-05-15 16:00:00+09:00       20.500000             46.051231                        1.0            0.0   0.0      0.0        3.132491           0.0         0.00                0.11             28.000000             24.424500                   0.297                   0.299
281 2026-05-15 17:00:00+09:00       19.049999             51.940041                        2.0            0.0   0.0      0.0        2.846928           0.0         0.00                0.10             24.250000             23.624498                   0.297                   0.299
282 2026-05-15 18:00:00+09:00       17.750000             58.082497                        2.0            0.0   0.0      0.0        2.523886           0.0         0.00                0.08             21.100000             22.624498                   0.297                   0.299
283 2026-05-15 19:00:00+09:00       16.750000             63.132252                        1.0            0.0   0.0      0.0        2.210204           0.0         1.00                0.06             19.150000             21.424500                   0.298                   0.299
284 2026-05-15 20:00:00+09:00       15.900000             67.769073                        1.0            0.0   0.0      0.0        1.909188           0.0         3.00                0.04             17.799999             20.024500                   0.298                   0.300
285 2026-05-15 21:00:00+09:00       15.150000             71.822159                        0.0            0.0   0.0      0.0        1.637834           0.0         5.00                0.02             16.650000             18.824499                   0.299                   0.300
286 2026-05-15 22:00:00+09:00       14.550000             75.152527                        0.0            0.0   0.0      0.0        1.656804           0.0         9.00                0.01             15.700000             18.074499                   0.299                   0.300
287 2026-05-15 23:00:00+09:00       14.050000             77.363968                        1.0            0.0   0.0      0.0        2.136001           0.0        14.00                0.01             15.000000             17.524500                   0.300                   0.301
288 2026-05-16 00:00:00+09:00       13.600000             79.391754                        2.0            0.0   0.0      0.0        2.482438           0.0        16.00                0.01             14.300000             17.074499                   0.300                   0.301
289 2026-05-16 01:00:00+09:00       13.200000             80.674034                        2.0            0.0   0.0      0.0        2.358495           0.0        12.00                0.01             13.450000             16.674500                   0.300                   0.301
290 2026-05-16 02:00:00+09:00       12.900000             80.904015                        2.0            0.0   0.0      0.0        1.955761           0.0         5.00                0.01             12.600000             16.424500                   0.300                   0.301
291 2026-05-16 03:00:00+09:00       12.700000             80.605827                        2.0            0.0   0.0      0.0        1.622498           0.0         0.00                0.01             12.300000             16.174500                   0.300                   0.301
292 2026-05-16 04:00:00+09:00       12.500000             80.849983                        2.0            0.0   0.0      0.0        1.460308           0.0         0.00                0.01             12.500000             15.824500                   0.300                   0.301
293 2026-05-16 05:00:00+09:00       12.450000             80.300751                        2.0            0.0   0.0      0.0        1.308625           0.0         0.00                0.01             13.250000             15.474500                   0.301                   0.302
294 2026-05-16 06:00:00+09:00       13.100000             75.160515                        2.0            0.0   0.0      0.0        1.204159           0.0         0.00                0.01             15.150000             15.824500                   0.301                   0.302
295 2026-05-16 07:00:00+09:00       14.900000             63.784710                        2.0            0.0   0.0      0.0        1.229837           0.0         0.00                0.02             19.049999             17.174500                   0.301                   0.302
296 2026-05-16 08:00:00+09:00       17.400000             51.324928                        2.0            0.0   0.0      0.0        1.463728           0.0         0.00                0.04             24.100000             19.124498                   0.300                   0.301
297 2026-05-16 09:00:00+09:00       19.799999             42.097778                        2.0            0.0   0.0      0.0        1.656804           0.0         0.00                0.06             28.650000             21.174500                   0.299                   0.300
298 2026-05-16 10:00:00+09:00       21.850000             36.100975                        2.0            0.0   0.0      0.0        1.644688           0.0         0.00                0.09             32.299999             23.274500                   0.297                   0.299
299 2026-05-16 11:00:00+09:00       23.750000             31.732635                        2.0            0.0   0.0      0.0        1.570032           0.0         0.00                0.13             35.450001             25.474499                   0.296                   0.298
300 2026-05-16 12:00:00+09:00       25.299999             28.722767                        2.0            0.0   0.0      0.0        1.622498           0.0         0.00                0.15             37.450001             27.124498                   0.294                   0.297
301 2026-05-16 13:00:00+09:00       26.500000             26.293354                        2.0            0.0   0.0      0.0        1.868154           0.0         0.00                0.16             38.000000             27.974499                   0.293                   0.296
302 2026-05-16 14:00:00+09:00       27.299999             24.912157                        2.0            0.0   0.0      0.0        2.200000           0.0         0.00                0.15             37.349998             28.374498                   0.292                   0.295
303 2026-05-16 15:00:00+09:00       27.299999             26.237984                        2.0            0.0   0.0      0.0        2.462214           0.0         0.00                0.15             35.700001             28.574499                   0.291                   0.294
304 2026-05-16 16:00:00+09:00       26.000000             33.368824                        2.0            0.0   0.0      0.0        2.530316           0.0         0.00                0.14             32.599998             28.824499                   0.292                   0.295
305 2026-05-16 17:00:00+09:00       23.900000             47.140636                        2.0            0.0   0.0      0.0        2.657537           0.0         0.00                0.11             28.500000             27.124498                   0.292                   0.295
306 2026-05-16 18:00:00+09:00       22.100000             61.878922                        2.0            0.0   0.0      0.0        2.797320           0.0         0.00                0.09             25.100000             25.424500                   0.293                   0.295
307 2026-05-16 19:00:00+09:00       21.000000             70.360893                        2.0            0.0   0.0      0.0        2.731300           0.0         0.00                0.07             23.049999             23.774500                   0.294                   0.295
308 2026-05-16 20:00:00+09:00       20.200001             74.392258                        2.0            0.0   0.0      0.0        2.469818           0.0         0.00                0.05             21.700001             22.074499                   0.294                   0.296
309 2026-05-16 21:00:00+09:00       19.549999             77.698471                        2.0            0.0   0.0      0.0        2.071835           0.0         0.00                0.03             20.549999             20.624498                   0.295                   0.296
310 2026-05-16 22:00:00+09:00       19.049999             80.927963                        1.0            0.0   0.0      0.0        1.486607           0.0         0.00                0.02             19.500000             19.624498                   0.296                   0.297
311 2026-05-16 23:00:00+09:00       18.650000             83.241028                        1.0            0.0   0.0      0.0        0.790569           0.0         0.00                0.01             18.700001             18.924500                   0.296                   0.297
312 2026-05-17 00:00:00+09:00       18.250000             85.353271                        0.0            0.0   0.0      0.0        0.180278           0.0         0.00                0.01             17.950001             18.324499                   0.297                   0.298
313 2026-05-17 01:00:00+09:00       17.700001             88.356514                        0.0            0.0   0.0      0.0        0.300000           0.0         1.00                0.01             17.100000             17.824499                   0.297                   0.298
314 2026-05-17 02:00:00+09:00       17.150000             91.186653                        0.0            0.0   0.0      0.0        0.600000           0.0         3.00                0.01             16.299999             17.424500                   0.298                   0.299
315 2026-05-17 03:00:00+09:00       16.750000             93.228844                        0.0            0.0   0.0      0.0        0.905538           0.0         5.00                0.01             16.000000             17.124498                   0.298                   0.299
316 2026-05-17 04:00:00+09:00       16.450001             94.719421                        1.0            0.0   0.0      0.0        1.188486           0.0         8.00                0.01             16.100000             16.724499                   0.298                   0.299
317 2026-05-17 05:00:00+09:00       16.299999             95.017502                        3.0            0.0   0.0      0.0        1.477329           0.0        12.00                0.01             16.750000             16.374498                   0.299                   0.300
318 2026-05-17 06:00:00+09:00       16.799999             90.871895                        4.0            0.0   0.0      0.0        1.543535           0.0        13.00                0.01             18.549999             16.774500                   0.299                   0.300
319 2026-05-17 07:00:00+09:00       20.650000             68.727913                        4.0            0.0   0.0      0.0        1.303840           0.0         0.00                0.02             26.950001             18.324499                   0.298                   0.300
320 2026-05-17 08:00:00+09:00       21.900000             62.436146                        4.0            0.0   0.0      0.0        1.176860           0.0         0.00                0.04             29.900000             20.624498                   0.297                   0.299
321 2026-05-17 09:00:00+09:00       22.900000             57.998188                        4.0            0.0   0.0      0.0        1.054751           0.0         0.00                0.07             31.950001             22.974499                   0.296                   0.298
322 2026-05-17 10:00:00+09:00       23.850000             54.061413                        4.0            0.1   0.1      0.0        1.077033          51.0        12.00                0.11             33.200001             25.324499                   0.294                   0.296
323 2026-05-17 11:00:00+09:00       24.799999             50.084927                        4.0            0.1   0.1      0.0        1.677051          51.0        29.00                0.15             34.099998             27.674500                   0.292                   0.295
324 2026-05-17 12:00:00+09:00       25.750000             46.720703                        4.0            0.1   0.1      0.0        2.616295          51.0        50.00                0.18             34.549999             29.474499                   0.290                   0.293
325 2026-05-17 13:00:00+09:00       26.500000             44.115715                        4.0            0.1   0.1      0.0        3.620083          51.0        70.00                0.19             34.599998             30.624498                   0.289                   0.292
326 2026-05-17 14:00:00+09:00       26.950001             42.822689                        4.0            0.1   0.1      0.0        4.370927          51.0        88.00                0.19             34.299999             31.174500                   0.288                   0.291
327 2026-05-17 15:00:00+09:00       27.049999             42.850311                        4.0            0.1   0.1      0.0        4.820010          51.0       100.00                0.18             33.650002             31.074499                   0.287                   0.290
328 2026-05-17 16:00:00+09:00       26.600000             45.013264                        3.0            0.2   0.0      0.2        4.820010          51.0       100.00                0.16             32.349998             29.974499                   0.287                   0.290
329 2026-05-17 17:00:00+09:00       25.750000             49.369312                        3.0            0.2   0.0      0.2        4.551099          51.0       100.00                0.12             30.450001             28.174500                   0.288                   0.291
330 2026-05-17 18:00:00+09:00       24.549999             55.475090                        2.0            0.2   0.0      0.2        4.035468          51.0       100.00                0.09             28.100000             26.424500                   0.289                   0.291
331 2026-05-17 19:00:00+09:00       23.299999             62.549450                        1.0            0.2   0.0      0.2        3.430015          51.0       100.00                0.07             25.700001             24.824499                   0.290                   0.291
332 2026-05-17 20:00:00+09:00       22.049999             70.111244                        0.0            0.2   0.0      0.2        2.773085          51.0       100.00                0.05             23.450001             23.274500                   0.290                   0.292
333 2026-05-17 21:00:00+09:00       21.000000             76.204376                        0.0            0.2   0.0      0.2        2.213594          51.0       100.00                0.03             21.700001             21.924500                   0.291                   0.292
334 2026-05-17 22:00:00+09:00       20.049999             80.801865                        1.0            0.8   0.5      0.3        1.607016          53.0       100.00                0.02             20.250000             20.874498                   0.292                   0.293
335 2026-05-17 23:00:00+09:00       19.100000             84.361465                        2.0            0.8   0.5      0.3        1.118034          53.0       100.00                0.01             18.900000             20.074499                   0.292                   0.293